set Start:=1 2 3 4 5 6 7 8 9 10 11 12 13 14 15 16 17 18 19 20 21;
set Dest:=1 2 3 4 5 6 7 8 9 10 11 12 13 14 15 16 17 18 19 20 21;
set First:=21;
set Others:=1 2 3 4 5 6 7 8 9 10 11 12 13 14 15 16 17 18 19 20;
set S:=2 3 4 5 6 7 8 9 10 11 12 13 14 15 16 17 18 19; 
set Drone:=1 2 3 4 5 6;

param DC := 
1 450
2 450
3 450
4 450
5 1000
6 1000;

param demand:=
1 212
2 211
3 204
4 188
5 175
6 162
7 195
8 180
9 180
10 160
11 160
12 163
13 171
14 171
15 169
16 166
17 169
18 168
19 164
20 163
21 0
;

param cost: 1	2	3	4	5	6	7	8	9	10	11	12	13	14	15	16	17	18	19	20	21:=
1	10000	11.42	11.49	10.98	16.05	16.84	20.45	5.76	14.21	30.1	15	53.62	18.24	14.48	31.92	75.09	67.07	98.1	39.34	55.24	3.22
2	11.42	10000	9.43	21.56	15.62	12.21	9.36	16.79	25.34	41.32	22.73	64.27	25.3	25.9	23.62	66.42	56.83	88.81	30.21	48.2	12.69
3	11.49	9.43	10000	22.23	6.28	5.37	17.36	14.12	21.55	40.01	15.34	64.2	17.24	23.33	20.87	63.84	56.82	87.05	28.54	43.75	10.21
4	10.98	21.56	22.23	10000	25.83	27.61	29.6	9.35	10.99	20.02	19.2	42.78	22.39	8.51	42.89	86.02	77.97	109.08	50.32	65.83	12.14
5	16.05	15.62	6.28	25.83	10000	5.87	22.82	16.74	22.4	41.64	13.41	66.2	14.13	24.91	19.96	61.55	56.35	85.13	27.79	40.4	13.76
6	16.84	12.21	5.37	27.61	5.87	10000	17.78	19.34	26.33	45.13	18.65	69.43	19.79	28.36	15.67	58.49	51.89	81.76	23.44	38.34	15.48
7	20.45	9.36	17.36	29.6	22.82	17.78	10000	26.01	34.57	49.62	31.87	71.65	34.25	34.9	22.78	63.02	51.29	84.33	27.47	47.24	22.09
8	5.76	16.79	14.12	9.35	16.74	19.34	26.01	10000	8.55	25.91	10.86	50.09	14.21	9.41	34.98	77.76	70.88	101.11	42.65	57.07	4.24
9	14.21	25.34	21.55	10.99	22.4	26.33	34.57	8.55	10000	19.34	11.03	43.96	13.5	3.49	41.93	83.93	78.22	107.52	49.74	62.53	12.63
10	30.1	41.32	40.01	20.02	41.64	45.13	49.62	25.91	19.34	10000	29.99	24.62	31.8	16.79	60.8	103.19	96.79	126.72	68.54	81.81	30.1
11	15	22.73	15.34	19.2	13.41	18.65	31.87	10.86	11.03	29.99	10000	54	3.34	14.34	33.34	74	70.01	97.74	41.46	52.62	11.86
12	53.62	64.27	64.2	42.78	66.2	69.43	71.65	50.09	43.96	24.62	54	10000	56.17	41.3	85.07	127.73	120.69	151.17	92.72	106.48	54.06
13	18.24	25.3	17.24	22.39	14.13	19.79	34.25	14.21	13.5	31.8	3.34	56.17	10000	16.94	33.65	73.24	69.78	97.05	41.38	51.08	15.06
14	14.48	25.9	23.33	8.51	24.91	28.36	34.9	9.41	3.49	16.79	14.34	41.3	16.94	10000	44.04	86.43	80.15	109.93	51.8	65.21	13.69
15	31.92	23.62	20.87	42.89	19.96	15.67	22.78	34.98	41.93	60.8	33.34	85.07	33.65	44.04	10000	43.2	36.4	66.22	7.85	24.8	31.04
16	75.09	66.42	63.84	86.02	61.55	58.49	63.02	77.76	83.93	103.19	74	127.73	73.24	86.43	43.2	10000	18.72	23.84	36.21	22.66	74.06
17	67.07	56.83	56.82	77.97	56.35	51.89	51.29	70.88	78.22	96.79	70.01	120.69	69.78	80.15	36.4	18.72	10000	33.83	28.56	27.34	66.77
18	98.1	88.81	87.05	109.08	85.13	81.76	84.33	101.11	107.52	126.72	97.74	151.17	97.05	109.93	66.22	23.84	33.83	10000	58.8	46.35	97.22
19	39.34	30.21	28.54	50.32	27.79	23.44	27.47	42.65	49.74	68.54	41.46	92.72	41.38	51.8	7.85	36.21	28.56	58.8	10000	20.35	38.66
20	55.24	48.2	43.75	65.83	40.4	38.34	47.24	57.07	62.53	81.81	52.62	106.48	51.08	65.21	24.8	22.66	27.34	46.35	20.35	10000	53.66
21	3.22	12.69	10.21	12.14	13.76	15.48	22.09	4.24	12.63	30.1	11.86	54.06	15.06	13.69	31.04	74.06	66.77	97.22	38.66	53.66	10000
;